#************ Madgraph hard processes *************
gg:10016 10043 
sg:10044 10045 10046 10047 
ss:10000 10001 10002 10003 10004 10005 10006 10017 10018 10019 
sb:10015 10020 10021 10022 10023 10024 10035 10036 10037 10038 
bb:10011 10014 10052 10053 10054 10055 
tb:10007 10010 10048 10049 10050 10051 
nn:10025 10026 10027 10028 10029 10030 10031 10032 10033 10034 10056 10057 10058 10059 10060 10061 10062 10063 10064 10065 10066 10067 
ng:10039 10040 10041 10042 10068 10069 
ns:10070 10071 10072 10073 10074 10075 10076 10077 10078 10079 10080 10081 10082 10083 10084 10085 10086 10087 10088 10089
ll:10090 10091 10092 10093 10094 10095 10104 10105 10106 10107 10108 10109 10110 10111 
nl: 
btb:10096 10097 10098 10099 10100 10101 10102 10103 
