#************ Built in pythia SUSY processes *************
gg:1201 1202 
sg:1207 1210 1211 1203 1204 1205 1206 1209 1212 1213 
ss:1351 1352 1353 1354 1355 1356 1357 1358 1360 1361 1363 1364 1365 1366 1367 1368 1369 1370 1371 1372 1373 1374 1376 1377 1379 1380 1381 1382 1383 1384 1385 1386 1387 1388 1393 1394 1395 1398 1399 1400 1401 1402 1403 1405 1406 1407 1408 1409 1410 1411 1412 1413 1415 1416 1417 1418 1419 1420 1421 1423 1424 1425 1428 
sb:1215 1216 1217 1218 1221 1222 1223 1224 1231 1232 1233 1234 1235 1236 1237 1238 1240 1241 1242 1243 1244 1247 1248 1249 1250 1253 1254 1255 1256 1257 1258 1259 1260 1261 1262 1263 1264 1265 1266 1267 1268 1271 1272 1273 1274 1277 1278 1279 1280 1281 1282 1284 1285 1286 1287 1239 1297 1298 1303 1304 1305 1306 1307 1308 1309 1310 1313 1314 1315 1316 1317 1318 1319 1320 1321 1322 1325 1326 1327 1328 1329 1330 1333 1334 
bb:1219 1225 1283 1288 1289 1331 
tb:1220 1226 1290 1295 1296 1332 
nn:1551 1552 1553 1554 1555 1556 1557 1558 1559 1560 1571 1572 1573 1574 1575 1576 1577 1578 1579 1580 1581 1582 1583 1584 1585 1586 1591 1592 1593 1594 
ng:1601 1602 1603 1604 1621 1622 
ns:1431 1432 1433 1434 1435 1437 1438 1439 1440 1441 1443 1444 1445 1446 1447 1449 1450 1451 1452 1453 1455 1456 1457 1458 1459 1461 1462 1463 1464 1465 1467 1468 1469 1470 1471 1473 1474 1475 1476 1477 1491 1492 1493 1494 1495 1496 1501 1502 1503 1504 1505 1506 1507 1508 1513 1514 
ll:1651 1662 1673 1679 1688 1698 1703 1708 1709 1710 1719 1722 1723 1739 1751 
nl:
btb:1299 1302 1335 1338 
